.Random.seed <-
c(403L, 234L, -943111958L, 669256018L, -1259924424L, -1749623152L, 
1558724376L, 1973365650L, -1793127794L, 836532552L, 1469271101L, 
1246661472L, 663487049L, -1499317371L, -2133393624L, -596015915L, 
-1416955304L, -48233708L, -1152863051L, -1775312781L, 1884078713L, 
-1457602238L, 837105479L, 1378923799L, -1341158490L, 55896548L, 
-272280206L, -281400358L, 400552566L, -395352828L, -184323342L, 
-1674698418L, -1069948171L, 129805435L, -1878533919L, 394346687L, 
-1350487847L, 1497787831L, 545805053L, -110898049L, -351836417L, 
5044273L, -2074179946L, 527756715L, 1221697608L, -1223899507L, 
-1496181252L, 814450440L, 1677214077L, 1228177467L, -1109946724L, 
1659715880L, 1949677405L, 1927985257L, -1039711552L, 699103114L, 
223511362L, 1295563773L, -1779261753L, -269939689L, -1078558072L, 
1631294442L, 491854295L, -1730158669L, 1034305135L, 1621295128L, 
-113425787L, -1819073605L, -1990510959L, 1207158599L, -785789926L, 
1255118154L, 1824450325L, 348176126L, -1124696815L, 1912267600L, 
219706685L, -1970865364L, -2084794493L, 1383437861L, 235903871L, 
-922514042L, -333926931L, -449374933L, 307092445L, -199311744L, 
997574427L, -2107143370L, 581879946L, -1667543066L, 183461923L, 
759635200L, 1167279616L, 250928829L, 2119267617L, 670064642L, 
-660019057L, -1226213073L, 1594778569L, -509758320L, 992060787L, 
90073824L, 1799360272L, -2138696067L, -1001179111L, -1095807575L, 
-465185412L, -355183508L, -1106161146L, -1147036579L, -20631053L, 
-1484336225L, -1179204057L, 549755974L, -1075623824L, 392852576L, 
499703592L, -1824864063L, -1282641886L, 1776198575L, -1053827388L, 
1422101814L, 655277217L, -1511015932L, -225440482L, 304570460L, 
1809068972L, -582315455L, 1665914151L, 800453666L, 1446647064L, 
184619346L, -1158411208L, 541298197L, 613291724L, -344201653L, 
1068346942L, -1945017369L, 1332446700L, 1852668899L, -599380325L, 
905583024L, -723244004L, -1696654684L, 740877345L, 2076196454L, 
330055482L, -241377990L, -975850495L, -1301452165L, -1443073780L, 
-1617722925L, -438229999L, -408378933L, 483863464L, 549394769L, 
-1038161208L, 1667385937L, -374630003L, 1977582028L, -1516482114L, 
-2038240438L, 1553209130L, 1169644380L, -397280642L, 676435919L, 
-381656376L, 706954814L, 831507949L, 2052596256L, -973690551L, 
1062447619L, -1181619397L, 2026333119L, 1577976291L, 1023614584L, 
862501885L, 380858977L, 1749758357L, 328622821L, -1760017981L, 
-1797809797L, 2132224559L, -1560344784L, -1315042618L, -2015467876L, 
-496359L, 1597191555L, 266182105L, 572258144L, -2064212062L, 
1423473785L, 392240166L, 1163571200L, 544056189L, -1656894320L, 
673340557L, -637855689L, 178037450L, -275088912L, -1830689825L, 
1079268535L, 1587029203L, 196433522L, 983225281L, -2025721239L, 
910303523L, 292402446L, 1844053204L, -1661186067L, 25494284L, 
-445543040L, 943813764L, -165676540L, 2087302362L, 1684722741L, 
-1104244941L, 748822540L, 1027730463L, -2056591942L, 1868651185L, 
-366506822L, -1411445525L, 2023809460L, -1341625147L, 597696466L, 
622799233L, 1685907048L, -32896549L, 1897257723L, -1295555975L, 
-1343026654L, -463805755L, 2105746545L, -1492393968L, -873962709L, 
667115254L, -1052414902L, -1468676475L, -576538337L, -1384603528L, 
-1755591296L, 373266127L, -365044198L, -1444006330L, -1915578006L, 
-693990178L, -2067011612L, 1551461406L, 499621357L, 1203444802L, 
1799633399L, -1222731030L, 1611916687L, -1441580121L, -859960783L, 
1921805373L, -824555141L, -1563674368L, 237030554L, 1961696617L, 
-747684777L, -1633962676L, 2058252684L, -1303864567L, 573425988L, 
346557948L, 1957143419L, 978502761L, 1305950796L, 792105297L, 
1571775279L, 65119273L, 1220389274L, -435602907L, 440595895L, 
-1780868737L, -823321470L, -1415421214L, 1705976413L, -110579463L, 
-162722116L, 502842491L, 2050462509L, 1027314952L, -1606101915L, 
1006137623L, 1146572193L, -630209490L, -1236558797L, -1568250109L, 
-220388161L, 310853464L, 93118401L, 1118836118L, 427295516L, 
-922328012L, 332081951L, -775338035L, 1707799020L, -1353005131L, 
1651257314L, 570851969L, -585900441L, -277964381L, -116813816L, 
-395899712L, 1403069152L, -2097849567L, -1130836421L, 109973034L, 
-1382840675L, 461399936L, 1811128159L, -165252533L, 470726714L, 
186519686L, 1275123359L, 732226467L, 1030349917L, -493412771L, 
-906050044L, -866865954L, -451679458L, -745250441L, -377251453L, 
1492295280L, -2087097883L, 1597042126L, -441895546L, -1812740320L, 
1691113915L, -670470404L, -2114119879L, 1870773025L, -559009783L, 
1613372458L, -1522039434L, -662308479L, 1402084260L, 778870121L, 
559064280L, 175421819L, -2015894988L, 1428951369L, -1308660553L, 
1072106083L, 664695354L, 1238710415L, 1506768172L, -527732613L, 
-470517171L, 1506231867L, 220155563L, -1338966294L, -1535003651L, 
-530854418L, 1745706312L, -1158872297L, -316902469L, -654751222L, 
496051693L, -1319629881L, 1306072953L, -1842732892L, -285427904L, 
-1095381062L, 1546299023L, 890230985L, -750989023L, -1490335748L, 
720437994L, 1716254663L, -1705367610L, 1594140928L, -1850027860L, 
218853825L, -733844420L, 1722883841L, 588549928L, -1741550529L, 
1520954627L, -1574681790L, 1573116025L, 17586690L, 1386549499L, 
56518584L, 1803797210L, -1235798074L, 1574721770L, -614626768L, 
1877290377L, -806701176L, 1899597200L, 33827911L, 1284057842L, 
2139931345L, -1772948465L, 379362331L, 1835553896L, 143404019L, 
1407546420L, -1563343882L, 1204338333L, -187659181L, 1086549645L, 
-33274838L, -77963827L, -1114031753L, 964803314L, 536160851L, 
-1232756399L, -515038535L, -1433979643L, -1928321610L, -1439837751L, 
-874099016L, 1476217995L, 1053793773L, -812576188L, 1241618411L, 
-1766737576L, -1384823747L, 396463755L, -942861732L, -1763484985L, 
-997417860L, -241409286L, 373580303L, -966996316L, -1848651393L, 
816827220L, -261385569L, 789406117L, -1582505444L, 1787116116L, 
455973239L, -518213216L, 191208147L, -1784401916L, -577821590L, 
-1688052379L, -708912206L, 118726219L, -1671177408L, 1230538435L, 
-1407775490L, -2120403418L, -861178349L, -975716567L, -1920767028L, 
1084141074L, 426316825L, 851795421L, -1358842193L, -702118932L, 
1122901168L, -1674269137L, -2040741357L, -2118864898L, -1361008657L, 
-866976359L, -510863912L, -311703984L, 1745600041L, 438860681L, 
-516497824L, -1505248761L, -1716014571L, 848537303L, 1116391071L, 
-900413124L, 273798007L, -1101056099L, 1459618084L, 710551546L, 
548953078L, -1867199098L, -1116254794L, -1596949764L, -91908450L, 
1812138246L, -2114495206L, 929777363L, -2122697673L, 751400529L, 
461324527L, 1117597804L, -370983484L, 1119210086L, -1067975874L, 
1363529615L, -1064350521L, -1172352378L, 763617846L, 1264219731L, 
227366482L, -1167731569L, -779429380L, 1824483481L, -1002718253L, 
1132704415L, 848215183L, 1363242809L, 485870833L, -61771241L, 
-465635571L, -307195577L, 1335977511L, 700056264L, 837782933L, 
1288369814L, 2046530407L, -1576647707L, -838851250L, -1150050335L, 
-1148788967L, -865788230L, 1582212108L, -923780527L, 1906680208L, 
-685652064L, -1735877645L, 1171278089L, 1308320892L, 2089665178L, 
-1356658148L, -656233720L, 207932027L, -520938619L, 146829993L, 
57643934L, 1508439726L, 213826995L, -1557146804L, -1578566779L, 
1549921633L, 1723345579L, 1200902777L, -1392698057L, 1818388224L, 
954980372L, 143922861L, 897108888L, -1711300436L, -2089770344L, 
877565983L, 1638246355L, 1041999686L, 911827692L, -2036261127L, 
-502832553L, 1624227293L, -2053110798L, 806918953L, -82830069L, 
1926810123L, 315298369L, -380522731L, -686023977L, -2115577608L, 
614620990L, 1580803192L, -1522999864L, -1341902081L, -535710707L, 
1370282352L, 504489321L, -1598102836L, -65234706L, 277327117L, 
-81852544L, 1345928762L, -256604707L, -881629705L, 463735037L, 
1799738966L, 817465836L, 2049562962L, 226610519L, -95098952L, 
219313838L, -86881017L, -1625419592L, -1667790571L, 1556180377L, 
137493513L, -1707274257L, 432843281L, -126375469L, -17422273L, 
1879954051L, 998343454L, -249236401L, 1977904197L, -354196628L, 
-1427129448L, 382722223L, -566512963L, 1224053533L, 768495722L, 
1262010854L, 564938408L, 573930097L, -1146228206L, 1290459699L, 
